((("in" .
   [1 0])
  ("row" .
   [2 0 0])
  ("for" .
   [1 0 0])
  ("csv.reader" .
   [0 0 0 0 0 0 1 0 0 0])
  ("reader" .
   [2 0 0 0 0 0])
  ("data_file" .
   [0 0 0 0 0 0 1 0 0])
  ("open" .
   [1 0 0 0])
  ("with" .
   [1 0 0 0])
  ("help" .
   [1 0 0 0])
  ("/Users/" .
   [0 0 1 0 0 0 0])
  ("csv" .
   [3 0 1])
  ("Users" .
   [1 0 0 0 0])
  ("tel.values" .
   [0 0 0 0 0 1 0 0 0 0])
  ("tel.keys" .
   [0 0 0 0 0 1 0 0])
  ("tel" .
   [6 0 0])
  ("a.replace" .
   [0 0 0 0 1 0 0 0 1])
  ("world" .
   [0 0 1 0 0])
  ("Hello" .
   [0 1 0 0 0])
  ("plt" .
   [3 0 0])
  ("matplotlib.pyplot" .
   [0 0 0 0 0 0 0 0 0 0 0 0 0 1 1 0 0])
  ("as" .
   [5 0])
  ("matplotlib" .
   [0 0 0 2 0 0 0 0 0 0])
  ("import" .
   [1 0 0 3 0 1])
  ("%matplotlib" .
   [0 0 0 1 1 0 0 0 0 0 0])
  ("print" .
   [2 0 1 0 0])
  ("numpy" .
   [0 0 1 0 0])
  ("%%latex" .
   [0 0 0 1 0 0 0])
  ("type" .
   [4 0 1 0])
  ("a" .
   [12])
  ("a.real" .
   [0 0 0 0 0 1])
  ("a.imag" .
   [0 0 0 1 0 0])
  ("test" .
   [1 0 1 0])
  ("from" .
   [2 0 0 0])
  ("__future__" .
   [0 0 1 0 0 0 0 0 0 0])
  ("division" .
   [0 1 0 0 0 0 0 0])
  ("colors" .
   [2 7 15 4 0 0])
  ("c" .
   [1])
  ("colors2" .
   [1 0 1 0 0 0 0])
  ("colors.append" .
   [0 0 0 0 0 0 0 0 1 0 0 0 0])
  ("colors.pop" .
   [0 0 0 0 0 0 0 0 0 2])
  ("colors.extend" .
   [0 0 0 0 0 0 0 0 0 0 0 0 1])
  ("-2" .
   [2 0])
  ("-1" .
   [2 0])
  ("rcolors" .
   [0 11 3 1 0 0 0])
  ("list" .
   [1 0 0 0])
  ("rcolors2" .
   [1 0 0 0 0 0 0 0])
  ("rcolors.reverse" .
   [0 0 0 0 0 0 0 0 0 0 0 0 0 0 1])
  ("rcolors.sort" .
   [0 0 0 0 0 0 0 0 0 0 0 1])
  ("sorted" .
   [0 0 0 0 1 1])
  ("rcolors.remove" .
   [0 0 0 0 0 0 0 0 0 0 0 0 0 1])
  ("s" .
   [3])
  ("ls" .
   [1 0])
  ("-l" .
   [2 0])
  ("Age" .
   [1 0 0])
  ("Group" .
   [0 0 1 0 0])
  ("data.age_group" .
   [0 0 0 0 0 0 0 0 5 1 0 0 0 0])
  ("data.age_group.sum" .
   [1 0 0 0 0 0 0 0 0 0 0 0 0 0 0 0 0 0])
  ("date" .
   [1 0 0 0])
  ("datetime" .
   [1 0 0 0 0 0 0 0])
  ("__" .
   [1 0])
  ("Y0" .
   [1 0])
  ("Y0_val" .
   [0 0 1 0 0 0])))
